[Cut range] -- number of blocks
Instance Path 
LUT,LUT6,RAM,REG,DSP,RAMLUT,FWC_IP_NUM,FWC_IP_BITS,QIWC_IP_BITS,READ_PORT_IPS,READ_PORT_BITS,WRITE_PORT_IPS,WRITE_PORT_BITS,ZC_TRACE_BIT,ZCEI_MESSAGE_INPUT,ZCEI_MESSAGE_OUTPUT,FW_RESOURCES,ZPRD_BB,ZFORCE,ZVIEW,ZRM_SLOTS,ZRM_PORTS(size), path, cut, 
[0] --- 6
[1] --- 3
[2] --- 2
[3] --- 16
Instance paths : 
	top.ended_toggle_assert_design_req1_empty_assert,3,0.00 0.00 0.00 1.40 0.00 0.00 0.00 0.00 0.00 0.00 0.00 0.00 0.00 0.00 0.00 0.00 0.00 0.00 0.00 0.00 0.00 0.00 

	top.ended_toggle_assert_design_req2_full_assert,3,0.00 0.00 0.00 1.40 0.00 0.00 0.00 0.00 0.00 0.00 0.00 0.00 0.00 0.00 0.00 0.00 0.00 0.00 0.00 0.00 0.00 0.00 

	top.zebu_filter__I_vcs_cdx_s_rw_topu_stb_clk0,3,0.10 0.00 0.00 0.00 0.00 0.00 0.00 0.00 0.00 0.00 0.00 0.00 0.00 0.00 0.00 0.00 0.00 0.00 0.00 0.00 0.00 0.00 

	top.zebu_filter__I_vcs_cdx_s_rw_topu_stb_clk1,3,0.10 0.00 0.00 0.00 0.00 0.00 0.00 0.00 0.00 0.00 0.00 0.00 0.00 0.00 0.00 0.00 0.00 0.00 0.00 0.00 0.00 0.00 

	top.zfast_13dazc5xo4v01,3,1.00 0.00 0.00 0.00 0.00 0.00 0.00 0.00 0.00 0.00 0.00 0.00 0.00 0.00 0.00 0.00 0.00 0.00 0.00 0.00 0.00 0.00 

	top.zfast_nes3tozxfg5o2,3,1.00 0.00 0.00 0.00 0.00 0.00 0.00 0.00 0.00 0.00 0.00 0.00 0.00 0.00 0.00 0.00 0.00 0.00 0.00 0.00 0.00 0.00 

	top.zfast_ttitjas49lqq1,3,1.00 0.00 0.00 0.00 0.00 0.00 0.00 0.00 0.00 0.00 0.00 0.00 0.00 0.00 0.00 0.00 0.00 0.00 0.00 0.00 0.00 0.00 

	top.zfast_zew6gorl0sct,3,1.00 0.00 0.00 0.00 0.00 0.00 0.00 0.00 0.00 0.00 0.00 0.00 0.00 0.00 0.00 0.00 0.00 0.00 0.00 0.00 0.00 0.00 

	top.zfwc_ip__I_vcs_cdx_s_rw_topu_stb_clk0,3,70.00 0.00 0.00 70.00 0.00 0.00 0.00 1.00 0.00 0.00 0.00 0.00 0.00 0.00 0.00 0.00 0.00 0.00 0.00 0.00 0.00 0.00 

	top.zfwc_ip__I_vcs_cdx_s_rw_topu_stb_clk0_0,3,70.00 0.00 0.00 70.00 0.00 0.00 0.00 1.00 0.00 0.00 0.00 0.00 0.00 0.00 0.00 0.00 0.00 0.00 0.00 0.00 0.00 0.00 

	top.zfwc_ip__I_vcs_cdx_s_rw_topu_stb_clk1,3,70.00 0.00 0.00 70.00 0.00 0.00 0.00 1.00 0.00 0.00 0.00 0.00 0.00 0.00 0.00 0.00 0.00 0.00 0.00 0.00 0.00 0.00 

	top.zfwc_ip__I_vcs_cdx_s_rw_topu_stb_clk1_0,3,70.00 0.00 0.00 70.00 0.00 0.00 0.00 1.00 0.00 0.00 0.00 0.00 0.00 0.00 0.00 0.00 0.00 0.00 0.00 0.00 0.00 0.00 

	top.zfwc_ip_monitor,3,70.00 0.00 0.00 70.00 0.00 0.00 0.00 1.00 0.00 0.00 0.00 0.00 0.00 0.00 0.00 0.00 0.00 0.00 0.00 0.00 0.00 0.00 

	top.zfwc_ip_monitor_0,3,70.00 0.00 0.00 70.00 0.00 0.00 0.00 1.00 0.00 0.00 0.00 0.00 0.00 0.00 0.00 0.00 0.00 0.00 0.00 0.00 0.00 0.00 

	top.zsva_trigger_assert_design_req1_empty_assert,3,1.00 0.00 0.00 1.00 0.00 0.00 0.00 0.00 0.00 0.00 0.00 0.00 0.00 0.00 0.00 0.00 0.00 0.00 0.00 0.00 0.00 0.00 

	top.zsva_trigger_assert_design_req2_full_assert,3,1.00 0.00 0.00 1.00 0.00 0.00 0.00 0.00 0.00 0.00 0.00 0.00 0.00 0.00 0.00 0.00 0.00 0.00 0.00 0.00 0.00 0.00 

[4] --- 4
Instance paths : 
	top.zebu_clockGen,4,0.10 0.00 0.00 0.00 0.00 0.00 0.00 0.00 0.00 0.00 0.00 0.00 0.00 0.00 0.00 0.00 0.00 0.00 0.00 0.00 0.00 0.00 

	top.zfast_9bva7lnd5m8p,4,1.00 0.00 0.00 0.00 0.00 0.00 0.00 0.00 0.00 0.00 0.00 0.00 0.00 0.00 0.00 0.00 0.00 0.00 0.00 0.00 0.00 0.00 

	top.zfast_fghdd7qi7m56,4,1.00 0.00 0.00 0.00 0.00 0.00 0.00 0.00 0.00 0.00 0.00 0.00 0.00 0.00 0.00 0.00 0.00 0.00 0.00 0.00 0.00 0.00 

	top.zforce_rstn,4,70.00 0.00 0.00 71.00 0.00 0.00 0.00 1.00 0.00 0.00 0.00 0.00 0.00 0.00 0.00 0.00 0.00 0.00 0.00 0.00 0.00 0.00 

[33] --- 1
Instance paths : 
	top.u_stb,33,3279.00 7.00 0.00 3829.20 0.00 72.00 2.00 107.00 0.00 0.00 0.00 0.00 0.00 0.00 0.00 0.00 0.00 0.00 0.00 0.00 0.00 0.00 

[44] --- 1
Instance paths : 
	top.u_dut,44,1563.00 22.00 0.00 1626.20 0.00 0.00 1.00 24.00 0.00 0.00 0.00 0.00 0.00 0.00 0.00 0.00 0.00 0.00 0.00 0.00 0.00 0.00 

